seg_data/6/, 1, 23, 87, 820, 1042
seg_data/6/, 7, 64, 68, 763, 793
seg_data/6/, 8, 66, 71, 1061, 1100
seg_data/6/, 9, 85, 91, 423, 709
seg_data/6/, 10, 91, 105, 809, 1075
seg_data/6/, 12, 136, 195, 1286, 1339
seg_data/6/, 13, 140, 200, 431, 645
seg_data/6/, 14, 141, 199, 220, 356
seg_data/6/, 15, 146, 199, 807, 993
seg_data/6/, 16, 159, 196, 1152, 1271
seg_data/6/, 17, 163, 199, 1037, 1126
seg_data/6/, 18, 164, 198, 681, 755
seg_data/6/, 19, 177, 185, 140, 174
seg_data/6/, 20, 188, 202, 1353, 1374
seg_data/6/, 21, 208, 266, 1119, 1257
seg_data/6/, 22, 215, 265, 971, 1070
seg_data/6/, 23, 227, 263, 1291, 1369
seg_data/6/, 24, 236, 288, 309, 483
seg_data/6/, 25, 239, 276, 787, 926
seg_data/6/, 26, 243, 280, 550, 739
seg_data/6/, 27, 281, 350, 890, 945
seg_data/6/, 28, 301, 361, 295, 500
seg_data/6/, 29, 305, 339, 712, 864
seg_data/6/, 32, 370, 424, 1331, 1385
seg_data/6/, 33, 394, 454, 878, 1126
seg_data/6/, 34, 400, 436, 1269, 1299
seg_data/6/, 35, 401, 437, 1185, 1198
seg_data/6/, 36, 401, 434, 1239, 1264
seg_data/6/, 37, 403, 437, 1204, 1230
seg_data/6/, 38, 410, 474, 304, 494
seg_data/6/, 39, 414, 460, 731, 840
seg_data/6/, 40, 430, 451, 1143, 1162
seg_data/6/, 41, 434, 469, 568, 702
seg_data/6/, 42, 451, 509, 1211, 1324
seg_data/6/, 43, 458, 508, 1143, 1200
seg_data/6/, 44, 462, 471, 166, 202
seg_data/6/, 45, 475, 533, 887, 1095
seg_data/6/, 46, 480, 547, 696, 842
seg_data/6/, 47, 492, 543, 578, 655
seg_data/6/, 48, 507, 558, 333, 477
seg_data/6/, 49, 537, 574, 1361, 1465
seg_data/6/, 50, 543, 584, 1176, 1356
seg_data/6/, 51, 549, 595, 1069, 1136
seg_data/6/, 52, 558, 608, 731, 785
seg_data/6/, 53, 558, 616, 854, 1018
seg_data/6/, 54, 568, 616, 599, 693
seg_data/6/, 55, 577, 634, 328, 544
seg_data/6/, 56, 636, 691, 1462, 1552
seg_data/6/, 57, 647, 707, 348, 398
seg_data/6/, 58, 647, 696, 1349, 1447
seg_data/6/, 60, 654, 713, 1071, 1120
seg_data/6/, 61, 656, 708, 1152, 1325
seg_data/6/, 62, 679, 738, 715, 892
seg_data/6/, 63, 688, 720, 970, 993
seg_data/6/, 64, 688, 722, 995, 1024
seg_data/6/, 65, 689, 722, 942, 968
seg_data/6/, 66, 690, 721, 924, 939
seg_data/6/, 67, 712, 768, 332, 498
seg_data/6/, 68, 713, 749, 565, 663
seg_data/6/, 69, 714, 773, 1427, 1516
seg_data/6/, 70, 715, 778, 1369, 1422
seg_data/6/, 71, 729, 778, 1234, 1347
seg_data/6/, 73, 738, 793, 907, 1008
seg_data/6/, 74, 751, 795, 837, 888
seg_data/6/, 76, 775, 833, 396, 492
seg_data/6/, 77, 778, 821, 49, 102
seg_data/6/, 78, 795, 828, 1427, 1496
seg_data/6/, 79, 801, 863, 938, 1143
seg_data/6/, 80, 802, 837, 1315, 1412
seg_data/6/, 81, 805, 813, 220, 262
seg_data/6/, 82, 828, 881, 586, 646
seg_data/6/, 83, 844, 902, 356, 402
seg_data/6/, 84, 846, 899, 437, 497
seg_data/6/, 85, 864, 919, 1182, 1233
seg_data/6/, 86, 868, 911, 1281, 1451
seg_data/6/, 87, 870, 925, 1052, 1146
seg_data/6/, 88, 880, 931, 952, 1007
seg_data/6/, 90, 900, 910, 777, 812
seg_data/6/, 91, 902, 959, 523, 645
seg_data/6/, 92, 904, 942, 851, 922
seg_data/6/, 93, 911, 947, 724, 818
seg_data/6/, 94, 915, 965, 385, 479
seg_data/6/, 95, 926, 984, 1342, 1459
seg_data/6/, 96, 944, 999, 1208, 1271
seg_data/6/, 97, 945, 1015, 964, 1188
seg_data/6/, 98, 946, 988, 49, 102
seg_data/6/, 99, 947, 959, 662, 677
seg_data/6/, 100, 982, 1033, 684, 898
seg_data/6/, 101, 987, 1046, 387, 510
seg_data/6/, 102, 987, 1043, 529, 591
seg_data/6/, 103, 1015, 1038, 91, 120
seg_data/6/, 104, 1043, 1105, 870, 915
seg_data/6/, 105, 1045, 1110, 766, 854
seg_data/6/, 107, 1063, 1115, 385, 440
seg_data/6/, 108, 1070, 1124, 465, 587
seg_data/6/, 109, 1070, 1110, 655, 740
seg_data/6/, 110, 1128, 1171, 49, 101
seg_data/6/, 111, 1146, 1211, 1233, 1369
seg_data/6/, 112, 1152, 1227, 1481, 1549
seg_data/6/, 113, 1158, 1207, 1377, 1475
seg_data/6/, 114, 1159, 1216, 1005, 1140
seg_data/6/, 115, 1164, 1228, 618, 943
seg_data/6/, 116, 1199, 1232, 523, 586
seg_data/6/, 117, 1202, 1236, 309, 345
seg_data/6/, 118, 1205, 1236, 359, 430
seg_data/6/, 119, 1216, 1233, 434, 465
seg_data/6/, 120, 1228, 1238, 227, 263
seg_data/6/, 121, 1240, 1299, 1225, 1291
seg_data/6/, 122, 1243, 1298, 1335, 1507
seg_data/6/, 124, 1249, 1309, 749, 919
seg_data/6/, 125, 1250, 1303, 1152, 1199
seg_data/6/, 126, 1271, 1338, 403, 577
seg_data/6/, 127, 1273, 1342, 228, 351
seg_data/6/, 128, 1278, 1300, 1098, 1128
seg_data/6/, 129, 1278, 1305, 997, 1063
seg_data/6/, 130, 1280, 1318, 628, 713
seg_data/6/, 131, 1285, 1304, 1069, 1094
seg_data/6/, 132, 1346, 1419, 596, 759
seg_data/6/, 133, 1348, 1408, 1143, 1326
seg_data/6/, 134, 1352, 1412, 795, 999
seg_data/6/, 135, 1353, 1407, 1354, 1537
seg_data/6/, 136, 1355, 1410, 1060, 1121
seg_data/6/, 137, 1356, 1414, 356, 467
seg_data/6/, 138, 1358, 1411, 480, 524
seg_data/6/, 139, 1443, 1500, 1330, 1492
seg_data/6/, 140, 1446, 1506, 716, 932
seg_data/6/, 141, 1447, 1499, 604, 670
seg_data/6/, 142, 1453, 1505, 1003, 1108
seg_data/6/, 143, 1456, 1498, 1172, 1286
seg_data/6/, 144, 1462, 1501, 362, 544
seg_data/6/, 145, 1511, 1572, 366, 479
seg_data/6/, 146, 1513, 1573, 550, 684
seg_data/6/, 147, 1521, 1575, 817, 936
seg_data/6/, 148, 1521, 1586, 1250, 1368
seg_data/6/, 149, 1523, 1572, 708, 755
seg_data/6/, 150, 1533, 1573, 1021, 1207
seg_data/6/, 151, 1544, 1580, 1403, 1473
seg_data/6/, 152, 1598, 1613, 448, 478
seg_data/6/, 153, 1603, 1668, 505, 519
seg_data/6/, 154, 1614, 1647, 398, 493
seg_data/6/, 400, 11, 81, 404, 679
seg_data/6/, 401, 289, 367, 550, 690
seg_data/6/, 402, 754, 836, 541, 763
seg_data/6/, 403, 816, 892, 682, 881
seg_data/6/, 404, 729, 797, 1038, 1214
seg_data/6/, 405, 791, 861, 1192, 1276