seg_data/3/, 1, 96, 158, 292, 554
seg_data/3/, 2, 99, 170, 1236, 1408
seg_data/3/, 3, 103, 161, 1137, 1220
seg_data/3/, 8, 121, 155, 158, 243
seg_data/3/, 10, 177, 234, 413, 522
seg_data/3/, 11, 178, 237, 560, 772
seg_data/3/, 12, 183, 256, 1036, 1090
seg_data/3/, 13, 189, 240, 805, 864
seg_data/3/, 14, 191, 226, 258, 376
seg_data/3/, 15, 206, 257, 880, 992
seg_data/3/, 16, 266, 332, 1074, 1315
seg_data/3/, 17, 267, 326, 820, 945
seg_data/3/, 18, 272, 331, 1357, 1471
seg_data/3/, 19, 287, 325, 958, 1036
seg_data/3/, 20, 329, 390, 264, 501
seg_data/3/, 21, 336, 393, 557, 611
seg_data/3/, 22, 357, 415, 1236, 1496
seg_data/3/, 23, 359, 402, 653, 760
seg_data/3/, 24, 362, 416, 1032, 1187
seg_data/3/, 25, 371, 414, 797, 902
seg_data/3/, 26, 375, 409, 933, 992
seg_data/3/, 27, 409, 471, 262, 453
seg_data/3/, 28, 415, 483, 688, 878
seg_data/3/, 29, 424, 462, 508, 547
seg_data/3/, 30, 426, 477, 918, 995
seg_data/3/, 31, 427, 467, 551, 567
seg_data/3/, 32, 431, 465, 568, 595
seg_data/3/, 33, 431, 484, 1065, 1235
seg_data/3/, 34, 441, 497, 1439, 1497
seg_data/3/, 35, 441, 461, 598, 622
seg_data/3/, 36, 443, 464, 623, 652
seg_data/3/, 37, 454, 490, 1306, 1338
seg_data/3/, 38, 455, 488, 1291, 1302
seg_data/3/, 39, 456, 487, 1343, 1370
seg_data/3/, 40, 459, 496, 1380, 1403
seg_data/3/, 42, 496, 554, 600, 651
seg_data/3/, 43, 507, 578, 954, 1135
seg_data/3/, 44, 515, 569, 698, 888
seg_data/3/, 45, 517, 576, 1298, 1523
seg_data/3/, 46, 518, 568, 1197, 1274
seg_data/3/, 47, 557, 617, 528, 672
seg_data/3/, 48, 572, 628, 713, 836
seg_data/3/, 50, 583, 641, 1065, 1206
seg_data/3/, 51, 584, 649, 1252, 1370
seg_data/3/, 52, 605, 659, 328, 385
seg_data/3/, 53, 606, 655, 1397, 1562
seg_data/3/, 54, 617, 671, 442, 492
seg_data/3/, 55, 625, 684, 536, 627
seg_data/3/, 56, 631, 700, 670, 727
seg_data/3/, 57, 652, 714, 1282, 1526
seg_data/3/, 58, 654, 704, 1069, 1112
seg_data/3/, 60, 667, 704, 1156, 1242
seg_data/3/, 61, 707, 746, 324, 369
seg_data/3/, 62, 714, 747, 406, 435
seg_data/3/, 63, 715, 770, 720, 931
seg_data/3/, 64, 719, 751, 443, 500
seg_data/3/, 65, 722, 758, 608, 688
seg_data/3/, 66, 730, 792, 1213, 1301
seg_data/3/, 67, 733, 751, 501, 527
seg_data/3/, 68, 735, 800, 982, 1149
seg_data/3/, 69, 736, 794, 1312, 1406
seg_data/3/, 70, 774, 841, 310, 593
seg_data/3/, 71, 778, 821, 49, 102
seg_data/3/, 72, 786, 839, 637, 698
seg_data/3/, 73, 801, 880, 1035, 1094
seg_data/3/, 74, 810, 854, 735, 829
seg_data/3/, 75, 817, 864, 893, 1003
seg_data/3/, 76, 881, 954, 247, 466
seg_data/3/, 77, 891, 946, 529, 590
seg_data/3/, 78, 897, 953, 632, 817
seg_data/3/, 79, 901, 951, 859, 904
seg_data/3/, 80, 904, 965, 969, 1110
seg_data/3/, 81, 906, 964, 1146, 1292
seg_data/3/, 82, 921, 979, 1427, 1517
seg_data/3/, 83, 922, 975, 1311, 1407
seg_data/3/, 84, 943, 983, 1520, 1533
seg_data/3/, 85, 946, 988, 49, 102
seg_data/3/, 86, 969, 1021, 260, 308
seg_data/3/, 87, 976, 1032, 378, 527
seg_data/3/, 88, 976, 1037, 563, 672
seg_data/3/, 89, 976, 990, 1292, 1411
seg_data/3/, 90, 978, 1033, 718, 761
seg_data/3/, 91, 1002, 1043, 796, 966
seg_data/3/, 92, 1014, 1039, 91, 120
seg_data/3/, 94, 1083, 1146, 699, 804
seg_data/3/, 95, 1086, 1145, 268, 331
seg_data/3/, 96, 1086, 1144, 836, 914
seg_data/3/, 97, 1087, 1149, 963, 1110
seg_data/3/, 98, 1099, 1155, 1159, 1312
seg_data/3/, 99, 1112, 1170, 1345, 1508
seg_data/3/, 100, 1128, 1171, 49, 101
seg_data/3/, 101, 1153, 1215, 653, 790
seg_data/3/, 102, 1177, 1218, 814, 968
seg_data/3/, 103, 1178, 1226, 1019, 1121
seg_data/3/, 104, 1178, 1235, 1193, 1328
seg_data/3/, 105, 1190, 1253, 1361, 1524
seg_data/3/, 106, 1214, 1273, 398, 452
seg_data/3/, 107, 1214, 1274, 501, 669
seg_data/3/, 108, 1226, 1299, 725, 793
seg_data/3/, 109, 1330, 1395, 241, 425
seg_data/3/, 110, 1339, 1396, 594, 751
seg_data/3/, 111, 1341, 1390, 506, 566
seg_data/3/, 112, 1342, 1403, 1196, 1314
seg_data/3/, 113, 1342, 1402, 797, 967
seg_data/3/, 114, 1351, 1407, 1034, 1156
seg_data/3/, 115, 1357, 1417, 1323, 1341
seg_data/3/, 116, 1415, 1421, 1022, 1150
seg_data/3/, 117, 1429, 1469, 267, 309
seg_data/3/, 118, 1435, 1500, 411, 543
seg_data/3/, 119, 1442, 1503, 557, 697
seg_data/3/, 120, 1448, 1508, 838, 994
seg_data/3/, 121, 1450, 1509, 1046, 1174
seg_data/3/, 122, 1453, 1502, 1187, 1233
seg_data/3/, 123, 1457, 1516, 1269, 1359
seg_data/3/, 124, 1461, 1494, 712, 778
seg_data/3/, 126, 1478, 1523, 1382, 1555
seg_data/3/, 127, 1533, 1592, 272, 332
seg_data/3/, 128, 1545, 1586, 438, 537
seg_data/3/, 129, 1546, 1588, 564, 693
seg_data/3/, 130, 1616, 1690, 450, 700
seg_data/3/, 131, 1618, 1671, 290, 358
seg_data/3/, 132, 1625, 1677, 873, 962
seg_data/3/, 133, 1638, 1676, 1015, 1188
seg_data/3/, 134, 1642, 1676, 765, 839
seg_data/3/, 135, 1705, 1770, 455, 673
seg_data/3/, 136, 1706, 1762, 988, 1060
seg_data/3/, 137, 1709, 1766, 1136, 1258
seg_data/3/, 138, 1708, 1773, 1313, 1499
seg_data/3/, 139, 1712, 1766, 763, 915
seg_data/3/, 140, 1719, 1769, 287, 339
seg_data/3/, 141, 1788, 1852, 568, 741
seg_data/3/, 142, 1789, 1842, 454, 514
seg_data/3/, 143, 1791, 1850, 823, 880
seg_data/3/, 144, 1807, 1861, 1334, 1418
seg_data/3/, 145, 1813, 1850, 954, 1086
seg_data/3/, 146, 1816, 1853, 1132, 1207
seg_data/3/, 147, 1818, 1856, 1238, 1305
seg_data/3/, 149, 1874, 1938, 494, 613
seg_data/3/, 150, 1879, 1942, 846, 910
seg_data/3/, 151, 1890, 1954, 1253, 1338
seg_data/3/, 152, 1891, 1955, 963, 1108
seg_data/3/, 153, 1896, 1952, 1172, 1227
seg_data/3/, 154, 1899, 1937, 673, 772
seg_data/3/, 155, 1907, 1959, 1386, 1445
seg_data/3/, 156, 1962, 2023, 462, 548
seg_data/3/, 157, 1971, 2029, 609, 791
seg_data/3/, 158, 1984, 2057, 794, 816
seg_data/3/, 400, 93, 178, 616, 872
seg_data/3/, 401, 74, 189, 894, 1128
seg_data/3/, 402, 478, 551, 256, 493
seg_data/3/, 403, 541, 617, 310, 451
seg_data/3/, 404, 563, 646, 883, 961
seg_data/3/, 405, 622, 719, 824, 1022
seg_data/3/, 406, 1073, 1146, 427, 644
seg_data/3/, 407, 1134, 1212, 376, 558